2 4 25 4
0 80
0 80
0 80
0 80
 1 22 22 0 18 1 5 1 2 4 8 16
 2 36 26 0 26 1 5 1 2 4 8 16
 3 21 45 0 11 1 5 1 2 4 8 16
 4 45 35 0 30 1 5 1 2 4 8 16
 5 55 20 0 21 1 5 1 2 4 8 16
 6 33 34 0 19 1 5 1 2 4 8 16
 7 50 50 0 15 1 5 1 2 4 8 16
 8 55 45 0 16 1 5 1 2 4 8 16
 9 26 59 0 29 1 5 1 2 4 8 16
10 40 66 0 26 1 5 1 2 4 8 16
11 55 65 0 37 1 5 1 2 4 8 16
12 35 51 0 16 1 5 1 2 4 8 16
13 62 35 0 12 1 5 1 2 4 8 16
14 62 57 0 31 1 5 1 2 4 8 16
15 62 24 0  8 1 5 1 2 4 8 16
16 21 36 0 19 1 5 1 2 4 8 16
17 33 44 0 20 1 5 1 2 4 8 16
18  9 56 0 13 1 5 1 2 4 8 16
19 62 48 0 15 1 5 1 2 4 8 16
20 66 14 0 22 1 5 1 2 4 8 16
21 44 13 0 28 1 5 1 2 4 8 16
22 26 13 0 12 1 5 1 2 4 8 16
23 11 28 0  6 1 5 1 2 4 8 16
24  7 43 0 27 1 5 1 2 4 8 16
25 17 64 0 14 1 5 1 2 4 8 16
26 40 40 0  0 0 0
27 50 22 0  0 0 0
28 55 55 0  0 0 0
29 25 45 0  0 0 0
