2 4 50 4
0 80
0 80
0 80
0 80
  1 41 49 0 10 1 2 1 2
  2 35 17 0  7 1 2 1 2
  3 55 45 0 13 1 2 1 2
  4 55 20 0 19 1 2 1 2
  5 15 30 0 26 1 2 1 2
  6 25 30 0  3 1 2 1 2
  7 20 50 0  5 1 2 1 2
  8 10 43 0  9 1 2 1 2
  9 55 60 0 16 1 2 1 2
 10 30 60 0 16 1 2 1 2
 11 20 65 0 12 1 2 1 2
 12 50 35 0 19 1 2 1 2
 13 30 25 0 23 1 2 1 2
 14 15 10 0 20 1 2 1 2
 15 30  5 0  8 1 2 1 2
 16 10 20 0 19 1 2 1 2
 17  5 30 0  2 1 2 1 2
 18 20 40 0 12 1 2 1 2
 19 15 60 0 17 1 2 1 2
 20 45 65 0  9 1 2 1 2
 21 45 20 0 11 1 2 1 2
 22 45 10 0 18 1 2 1 2
 23 55  5 0 29 1 2 1 2
 24 65 35 0  3 1 2 1 2
 25 65 20 0  6 1 2 1 2
 26 45 30 0 17 1 2 1 2
 27 35 40 0 16 1 2 1 2
 28 41 37 0 16 1 2 1 2
 29 64 42 0  9 1 2 1 2
 30 40 60 0 21 1 2 1 2
 31 31 52 0 27 1 2 1 2
 32 35 69 0 23 1 2 1 2
 33 53 52 0 11 1 2 1 2
 34 65 55 0 14 1 2 1 2
 35 63 65 0  8 1 2 1 2
 36  2 60 0  5 1 2 1 2
 37 20 20 0  8 1 2 1 2
 38  5  5 0 16 1 2 1 2
 39 60 12 0 31 1 2 1 2
 40 40 25 0  9 1 2 1 2
 41 42  7 0  5 1 2 1 2
 42 24 12 0  5 1 2 1 2
 43 23  3 0  7 1 2 1 2
 44 11 14 0 18 1 2 1 2
 45  6 38 0 16 1 2 1 2
 46  2 48 0  1 1 2 1 2
 47  8 56 0 27 1 2 1 2
 48 13 52 0 36 1 2 1 2
 49  6 68 0 30 1 2 1 2
 50 47 47 0 13 1 2 1 2
51 35 20 0  0 0 0
52 35 50 0  0 0 0
53 35 30 0  0 0 0
54 35 40 0  0 0 0