2 4 25 4
0 80
0 80
0 80
0 80
  1 41 49 0 10 1 2 1 2
  2 35 17 0  7 1 2 1 2
  3 55 45 0 13 1 2 1 2
  4 55 20 0 19 1 2 1 2
  5 15 30 0 26 1 2 1 2
  6 25 30 0  3 1 2 1 2
  7 20 50 0  5 1 2 1 2
  8 10 43 0  9 1 2 1 2
  9 55 60 0 16 1 2 1 2
 10 30 60 0 16 1 2 1 2
 11 20 65 0 12 1 2 1 2
 12 50 35 0 19 1 2 1 2
 13 30 25 0 23 1 2 1 2
 14 15 10 0 20 1 2 1 2
 15 30  5 0  8 1 2 1 2
 16 10 20 0 19 1 2 1 2
 17  5 30 0  2 1 2 1 2
 18 20 40 0 12 1 2 1 2
 19 15 60 0 17 1 2 1 2
 20 45 65 0  9 1 2 1 2
 21 45 20 0 11 1 2 1 2
 22 45 10 0 18 1 2 1 2
 23 55  5 0 29 1 2 1 2
 24 65 35 0  3 1 2 1 2
 25 65 20 0  6 1 2 1 2
26 35 20 0  0 0 0
27 35 50 0  0 0 0
28 35 30 0  0 0 0
29 35 40 0  0 0 0
